Gene1	Gene2	GOGCN	Wang	simUI	VSM	SORA	simGIC	Resnik
ARO8	ARO9	0.9530691059131066	0.975752345188118	0.9	0.9486832980505138	0.8950517340526671	0.7901034681053344	0.47371292006648175
PDC1	PDC5	1.0	1.0	1.0	1.0	1.0000000000000002	1.0	0.3910083434356667
PDC1	PDC6	1.0	1.0	1.0	1.0	1.0000000000000002	1.0	0.3910083434356667
PDC5	PDC6	1.0	1.0	1.0	1.0	1.0000000000000002	1.0	0.3910083434356667
ADH1	ADH2	0.883852814922539	0.8895571544465868	0.7222222222222222	0.8498365855987976	0.8538818470637437	0.7077636941274876	0.39700930254489686
ADH1	ADH3	0.883852814922539	0.8895571544465868	0.7222222222222222	0.8498365855987976	0.8538818470637437	0.7077636941274876	0.39700930254489686
ADH1	ADH4	0.8012263074112366	0.8499372595522113	0.6111111111111112	0.7817359599705717	0.7290750686793255	0.458150137358651	0.32997324934394545
ADH1	ADH5	0.883852814922539	0.8895571544465868	0.7222222222222222	0.8498365855987976	0.8538818470637437	0.7077636941274876	0.39700930254489686
ADH2	ADH3	1.0	1.0	1.0	1.0	0.9999999999999999	1.0	0.48941936451188406
ADH2	ADH4	0.931681438571421	0.9648376845005764	0.8461538461538461	0.9198662110078	0.823660383515042	0.647320767030084	0.39636395250002887
ADH2	ADH5	1.0	1.0	1.0	1.0	0.9999999999999999	1.0	0.48941936451188406
ADH3	ADH4	0.931681438571421	0.9648376845005764	0.8461538461538461	0.9198662110078	0.823660383515042	0.647320767030084	0.39636395250002887
ADH3	ADH5	1.0	1.0	1.0	1.0	0.9999999999999999	1.0	0.48941936451188406
ADH4	ADH5	0.931681438571421	0.9648376845005764	0.8461538461538461	0.9198662110078	0.823660383515042	0.6473207670300839	0.39636395250002887

ARO8	PDC1	0.5233907318146983	0.5714410700635317	0.3	0.4629100498862758	0.16042853051240413	0.08666833254569728	0.1432558427355664
ARO8	PDC5	0.5233907318146983	0.5714410700635317	0.3	0.4629100498862758	0.16042853051240413	0.08666833254569728	0.1432558427355664
ARO8	PDC6	0.5233907318146983	0.5714410700635317	0.3	0.4629100498862758	0.16042853051240413	0.08666833254569728	0.1432558427355664
ARO8	ADH1	0.46839873549380956	0.44934288461073346	0.2	0.3333333333333334	0.0657879726513953	0.03396038062877449	0.10580822590963747
ARO8	ADH2	0.451493536566845	0.4367335952006229	0.14814814814814814	0.2614881801842454	0.035254994036314574	0.017151472850184514	0.09455630984777727
ARO8	ADH3	0.451493536566845	0.4367335952006229	0.14814814814814814	0.2614881801842454	0.035254994036314574	0.017151472850184514	0.09455630984777727
ARO8	ADH4	0.43376948517447184	0.4561203907451077	0.16	0.2842676218074806	0.04685999845637632	0.01998989404900574	0.0745387163932145
ARO8	ADH5	0.451493536566845	0.4367335952006229	0.14814814814814814	0.2614881801842454	0.035254994036314574	0.017151472850184514	0.09455630984777727
ARO9	PDC1	0.5107892330947079	0.5574863898019777	0.28125	0.43915503282683993	0.14231925804596485	0.07646548396284346	0.13050331248889138
ARO9	PDC5	0.5107892330947079	0.5574863898019777	0.28125	0.43915503282683993	0.14231925804596485	0.07646548396284346	0.13050331248889138
ARO9	PDC6	0.5107892330947079	0.5574863898019777	0.28125	0.43915503282683993	0.14231925804596485	0.07646548396284346	0.13050331248889138
ARO9	ADH1	0.46709760319247345	0.4342846084691627	0.1875	0.31622776601683794	0.05915020634924954	0.02972093029114341	0.09683322930444871
ARO9	ADH2	0.452593029900221	0.42129855186959664	0.13793103448275862	0.24806946917841693	0.032325944355943444	0.014744356574446652	0.0870064943186446
ARO9	ADH3	0.452593029900221	0.42129855186959664	0.13793103448275862	0.24806946917841693	0.032325944355943444	0.014744356574446652	0.0870064943186446
ARO9	ADH4	0.4202898464092179	0.43616796121241513	0.14814814814814814	0.26967994498529685	0.04393094877600519	0.016794357989649487	0.06933717211056446
ARO9	ADH5	0.452593029900221	0.42129855186959664	0.13793103448275862	0.24806946917841693	0.032325944355943444	0.014744356574446652	0.0870064943186446
PDC1	ADH1	0.528249836915245	0.5810804547455497	0.25806451612903225	0.4114755998989118	0.16567129586490761	0.08904198930872421	0.17569954700302226
PDC1	ADH2	0.5077542650585293	0.600089756750605	0.21428571428571427	0.36313651960128146	0.16161254904515296	0.08048775442162782	0.19574847000646783
PDC1	ADH3	0.5077542650585293	0.600089756750605	0.21428571428571427	0.36313651960128146	0.16161254904515296	0.08048775442162782	0.19574847000646783
PDC1	ADH4	0.503814466171936	0.5882609848464952	0.23076923076923078	0.3947710169758614	0.21794489461593353	0.0932944820629933	0.13484588140910822
PDC1	ADH5	0.5077542650585293	0.600089756750605	0.21428571428571427	0.36313651960128146	0.16161254904515296	0.08048775442162782	0.19574847000646783
PDC5	ADH1	0.528249836915245	0.5810804547455498	0.25806451612903225	0.4114755998989118	0.16567129586490761	0.08904198930872421	0.17569954700302226
PDC5	ADH2	0.5077542650585293	0.600089756750605	0.21428571428571427	0.36313651960128146	0.16161254904515296	0.08048775442162782	0.19574847000646783
PDC5	ADH3	0.5077542650585293	0.600089756750605	0.21428571428571427	0.36313651960128146	0.16161254904515296	0.08048775442162782	0.19574847000646783
PDC5	ADH4	0.5038144661719361	0.5882609848464952	0.23076923076923078	0.3947710169758614	0.21794489461593353	0.0932944820629933	0.13484588140910822
PDC5	ADH5	0.5077542650585293	0.600089756750605	0.21428571428571427	0.36313651960128146	0.16161254904515296	0.08048775442162782	0.19574847000646783
PDC6	ADH1	0.528249836915245	0.5810804547455497	0.25806451612903225	0.4114755998989118	0.16567129586490761	0.08904198930872421	0.17569954700302226
PDC6	ADH2	0.5077542650585293	0.600089756750605	0.21428571428571427	0.36313651960128146	0.16161254904515296	0.08048775442162782	0.19574847000646783
PDC6	ADH3	0.5077542650585293	0.600089756750605	0.21428571428571427	0.36313651960128146	0.16161254904515296	0.08048775442162782	0.19574847000646783
PDC6	ADH4	0.503814466171936	0.5882609848464952	0.23076923076923078	0.3947710169758614	0.21794489461593353	0.0932944820629933	0.13484588140910822
PDC6	ADH5	0.5077542650585293	0.600089756750605	0.21428571428571427	0.36313651960128146	0.16161254904515296	0.08048775442162782	0.19574847000646783
