Gene1	Gene2	GOGCN	Wang	simUI	VSM	SORA	simGIC	Resnik
ARO8	ARO9	0.9491883609375594	0.9797391045008362	0.875	0.9354143466934852	0.8796127184567673	0.7592254369135344	0.7988107497469478
PDC1	PDC5	1.0	1.0	1.0	1.0	1.0	1.0	0.786493267030722
PDC1	PDC6	0.9263714493777346	0.9716347463011707	0.8571428571428571	0.9258200997725514	0.8198453682790064	0.6396907365580129	0.6598182730377348
PDC5	PDC6	0.9263714493777346	0.9716347463011707	0.8571428571428571	0.9258200997725514	0.8198453682790064	0.6396907365580129	0.6598182730377348
ADH1	ADH2	0.632046106170729	0.6811451783282877	0.5384615384615384	0.7337993857053429	0.7562841689855123	0.5125683379710246	0.4268048157797094
ADH1	ADH3	0.632046106170729	0.6811451783282877	0.5384615384615384	0.7337993857053429	0.7562841689855123	0.5125683379710246	0.4268048157797094
ADH1	ADH4	0.632046106170729	0.6811451783282877	0.5384615384615384	0.7337993857053429	0.7562841689855123	0.5125683379710246	0.4268048157797094
ADH1	ADH5	0.632046106170729	0.6811451783282877	0.5384615384615384	0.7337993857053429	0.7562841689855123	0.5125683379710246	0.4268048157797094
ADH2	ADH3	1.0	1.0	1.0	1.0	1.0	1.0	0.6786096353909651
ADH2	ADH4	1.0	1.0	1.0	1.0	1.0	1.0	0.6786096353909651
ADH2	ADH5	1.0	1.0	1.0	1.0	1.0	1.0	0.6786096353909651
ADH3	ADH4	1.0	1.0	1.0	1.0	1.0	1.0	0.6786096353909651
ADH3	ADH5	1.0	1.0	1.0	1.0	1.0	1.0	0.6786096353909651
ADH4	ADH5	1.0	1.0	1.0	1.0	1.0	1.0	0.6786096353909651
ARO8	PDC1	0.3653984449111259	0.2482335615888854	0.16666666666666666	0.2857142857142857	0.0030261592597127926	0.0015149493098436178	0.0303374705184317
ARO8	PDC5	0.3653984449111259	0.2482335615888854	0.16666666666666666	0.2857142857142857	0.0030261592597127926	0.0015149493098436178	0.0303374705184317
ARO8	PDC6	0.3742436756751382	0.2508257218507489	0.18181818181818182	0.3086066999241838	0.0038641780190322326	0.001855283366429564	0.029494763004030818
ARO8	ADH1	0.36802518124287326	0.1988944432817141	0.1111111111111111	0.20965696734438366	0.0024845976513985053	0.001173123552960617	0.01905815455645068
ARO8	ADH2	0.24816895998420038	0.19018217938424714	0.16666666666666666	0.2857142857142857	0.0033844443579264813	0.0016810512204080258	0.0303374705184317
ARO8	ADH3	0.24816895998420038	0.19018217938424714	0.16666666666666666	0.2857142857142857	0.0033844443579264813	0.0016810512204080258	0.0303374705184317
ARO8	ADH4	0.24816895998420038	0.19018217938424714	0.16666666666666666	0.2857142857142857	0.0033844443579264813	0.0016810512204080258	0.0303374705184317
ARO8	ADH5	0.24816895998420038	0.19018217938424714	0.16666666666666666	0.2857142857142857	0.0033844443579264813	0.0016810512204080258	0.0303374705184317
ARO9	PDC1	0.3582537758534263	0.24638201854469718	0.15384615384615385	0.26726124191242434	0.0026557646320233916	0.00131033490947917	0.03096950115423236
ARO9	PDC5	0.3582537758534263	0.24638201854469718	0.15384615384615385	0.26726124191242434	0.0026557646320233916	0.00131033490947917	0.03096950115423236
ARO9	PDC6	0.35898636376305243	0.2482335615888854	0.16666666666666666	0.2886751345948129	0.0034937833913428317	0.001557446087686962	0.03010923723328146
ARO9	ADH1	0.37687752668566815	0.1990300759521863	0.10526315789473684	0.19611613513818402	0.0021142030237091044	0.0010465716961181287	0.019455199443043407
ARO9	ADH2	0.23874512920740454	0.18688348495111806	0.15384615384615385	0.26726124191242434	0.0030140497302370804	0.0014327849405534614	0.03096950115423236
ARO9	ADH3	0.23874512920740454	0.18688348495111806	0.15384615384615385	0.26726124191242434	0.0030140497302370804	0.0014327849405534614	0.03096950115423236
ARO9	ADH4	0.23874512920740454	0.18688348495111806	0.15384615384615385	0.26726124191242434	0.0030140497302370804	0.0014327849405534614	0.03096950115423236
ARO9	ADH5	0.23874512920740454	0.18688348495111806	0.15384615384615385	0.26726124191242434	0.0030140497302370804	0.0014327849405534614	0.03096950115423236
PDC1	ADH1	0.374344856721176	0.1988944432817141	0.1111111111111111	0.20965696734438366	0.002434064565031641	0.0011581252315460827	0.01905815455645068
PDC1	ADH2	0.27610748818726616	0.19018217938424714	0.16666666666666666	0.2857142857142857	0.003333911271559617	0.0016504231503617901	0.0303374705184317
PDC1	ADH3	0.27610748818726616	0.19018217938424714	0.16666666666666666	0.2857142857142857	0.003333911271559617	0.0016504231503617901	0.0303374705184317
PDC1	ADH4	0.27610748818726616	0.19018217938424714	0.16666666666666666	0.2857142857142857	0.003333911271559617	0.0016504231503617901	0.0303374705184317
PDC1	ADH5	0.27610748818726616	0.19018217938424714	0.16666666666666666	0.2857142857142857	0.003333911271559617	0.0016504231503617901	0.0303374705184317
PDC5	ADH1	0.374344856721176	0.1988944432817141	0.1111111111111111	0.20965696734438366	0.002434064565031641	0.0011581252315460827	0.01905815455645068
PDC5	ADH2	0.27610748818726616	0.19018217938424714	0.16666666666666666	0.2857142857142857	0.003333911271559617	0.0016504231503617901	0.0303374705184317
PDC5	ADH3	0.27610748818726616	0.19018217938424714	0.16666666666666666	0.2857142857142857	0.003333911271559617	0.0016504231503617901	0.0303374705184317
PDC5	ADH4	0.27610748818726616	0.19018217938424714	0.16666666666666666	0.2857142857142857	0.003333911271559617	0.0016504231503617901	0.0303374705184317
PDC5	ADH5	0.27610748818726616	0.19018217938424714	0.16666666666666666	0.2857142857142857	0.003333911271559617	0.0016504231503617901	0.0303374705184317
PDC6	ADH1	0.35918324575499183	0.198704557543053	0.11764705882352941	0.22645540682891918	0.0032720833243510814	0.001347023387056904	0.018528761374327053
PDC6	ADH2	0.2879755046920725	0.1956800034394622	0.18181818181818182	0.3086066999241838	0.004171930030879057	0.0020626282094412486	0.029494763004030818
PDC6	ADH3	0.2879755046920725	0.1956800034394622	0.18181818181818182	0.3086066999241838	0.004171930030879057	0.0020626282094412486	0.029494763004030818
PDC6	ADH4	0.2879755046920725	0.1956800034394622	0.18181818181818182	0.3086066999241838	0.004171930030879057	0.0020626282094412486	0.029494763004030818
PDC6	ADH5	0.2879755046920725	0.1956800034394622	0.18181818181818182	0.3086066999241838	0.004171930030879057	0.0020626282094412486	0.029494763004030818
